9.700058732846555287e+00
7.160696733568694405e+00
1.175729912170179325e+01
7.316992484099108296e+00
1.760837837817869200e+01
6.243715786006884372e+00
7.647895852817096163e+00
8.115696001667766168e+00
8.753099153490889961e+00
6.353180500204961945e+00
5.439768833505556067e+00
6.746626652074926511e+00
8.243846585643991531e+00
9.515893649040744862e+00
9.070134637664786226e+00
9.597303698450946996e+00
8.700419856683295095e+00
1.246818773542313430e+01
9.111571795246208083e+00
9.516698779276095976e+00
7.470665108369627383e+00
1.112798161757960713e+01
8.383539980886181908e+00
6.989638984588476767e+00
6.067812109158307265e+00
5.830329396015277332e+00
1.479383596758420616e+01
6.123129558738156675e+00
1.411084454186280901e+01
5.408577441866884605e+00
9.769435692909953062e+00
7.962145230009024743e+00
7.638537412148401984e+00
1.116039333039115178e+01
1.040671372023889418e+01
1.257751028623094847e+01
8.413184835212719648e+00
6.821673696000662090e+00
1.024068374974417495e+01
5.735881593030603298e+00
4.689706624145699720e+00
1.254224383595928316e+01
6.623325438487492001e+00
8.745800132168872310e+00
1.508915219499297145e+01
1.030709525556064321e+01
1.007628902087615863e+01
7.439672902194213400e+00
8.166653229155661720e+00
1.191340977687895197e+01
7.635125137471468371e+00
9.094241296932642271e+00
9.998315148205209724e+00
6.386335911851603875e+00
1.352155328460071182e+01
7.666947692981797680e+00
6.857851088573161391e+00
1.022109701361718237e+01
9.576715543081631310e+00
9.912251568642396649e+00
7.277862821440127306e+00
7.945978878627156128e+00
1.395834164416605638e+01
6.581793317111661601e+00
1.623715618891101187e+01
6.479797616690087025e+00
8.435740044341342170e+00
5.681161135799348116e+00
1.308587599673731638e+01
8.394858882742019190e+00
5.729746026601457487e+00
1.417322486918748403e+01
7.922147316422747387e+00
1.042833811592888971e+01
1.309038539849123772e+01
1.371262273382912156e+01
5.911297100962587869e+00
1.220278618039809260e+01
7.029157377373683957e+00
7.017534749595737864e+00
1.089310187170893762e+01
1.105946442011061315e+01
1.493042887643769312e+01
4.910969281353796845e+00
4.903940147386091297e+00
7.909829762652559104e+00
1.986149339094505706e+01
4.037381251198988608e+00
1.574377912493875620e+01
9.183721919680889911e+00
6.070755880127698845e+00
7.016842939588634032e+00
7.702162300121255356e+00
5.919681678193639662e+00
1.500168867559269792e+01
7.357442883761832420e+00
9.161758764684529766e+00
9.063618386630558632e+00
8.828247218118894679e+00
1.539454209440665622e+01
9.939692964720027391e+00
1.771321193621796297e+01
1.105542049858101805e+01
1.215357753335286439e+01
9.245751553953239110e+00
4.309230354979808553e+00
8.840243683400240471e+00
6.846055386525249808e+00
8.594632876030919633e+00
1.027078746245698504e+01
7.998916124106416170e+00
1.007696942491138259e+01
6.303545999232919250e+00
9.912516005928052820e+00
1.330035343142157167e+01
1.760620782708219423e+01
1.372387095259185408e+01
1.204801299708512374e+01
7.761725870289411411e+00
9.857877420838233817e+00
9.153358602878610029e+00
1.106115635729498159e+01
6.018675492749619771e+00
8.905154417136234457e+00
6.144112131176802549e+00
1.290373101198156292e+01
1.239962843801869141e+01
1.365907713155553616e+01
9.134768976963210108e+00
7.485035602067008575e+00
5.134657595487174042e+00
6.234114535373612043e+00
6.012151914126243391e+00
1.483368686425989047e+01
9.506497739927267432e+00
1.275471806408729947e+01
1.680283326116339637e+01
7.102480550856851593e+00
1.025680143073765116e+01
1.213325897158637545e+01
1.348113421651392407e+01
1.039461261060190367e+01
1.453033575417013168e+01
1.052569780591469240e+01
1.769488084536819628e+01
9.421639719807354041e+00
1.530921634518306895e+01
1.213285511904321545e+01
5.416675051940329944e+00
8.872176764243862479e+00
8.416721527836488193e+00
9.026348415890407040e+00
1.506941261769416052e+01
1.249665973846317257e+01
1.201293176830600729e+01
6.844506401779677063e+00
7.606567473573091931e+00
7.980188064138355131e+00
4.942959916494722883e+00
5.308056130171458165e+00
4.712474034323386185e+00
9.164277292853885371e+00
9.051749387766905741e+00
8.141483477386913137e+00
7.421145979497857148e+00
1.147933784642403232e+01
1.475402181278141001e+01
7.802831143306710793e+00
1.118315943117701217e+01
1.078774953131975423e+01
1.537330940826584857e+01
1.001691649192405897e+01
5.331779071810687221e+00
1.149785807522164838e+01
1.585284962753773819e+01
5.948710538708309237e+00
1.659794784192805395e+01
1.283527780375850824e+01
6.146587337379727956e+00
9.224195745326587925e+00
1.491851499744084286e+01
1.397968911271271608e+01
1.026573394737239298e+01
6.655435133401421233e+00
9.984744427570529268e+00
8.798631561989573413e+00
9.074652126243471173e+00
8.457645709329467465e+00
7.899232661369492980e+00
5.375147020811667176e+00
1.030066982850940782e+01
1.367490424049987396e+01
6.885660184897596459e+00
5.891918844523304166e+00
6.602418405014455871e+00
6.957011547924830452e+00
1.234366251728529384e+01
1.143406713384895390e+01
1.137510201196062276e+01
1.283640546733895427e+01
5.647831833641541621e+00
4.335093803305133164e+00
5.718392051382089392e+00
8.874951912824766254e+00
9.028345170728567126e+00
6.830199189118491887e+00
9.974555362152505822e+00
7.051989638318186593e+00
7.625685480203352462e+00
6.808501017819054368e+00
1.034727164999944726e+01
5.829360153453835736e+00
6.850750743903665452e+00
7.776666216550186306e+00
4.991392459374029755e+00
8.995695873141515975e+00
4.974895324948204411e+00
8.448895539144464450e+00
5.232270541595718250e+00
6.650007319740767642e+00
9.244573109236277730e+00
1.418107440833128230e+01
1.224998477457448764e+01
8.444599753432294520e+00
7.542390811591301869e+00
1.109088872702371553e+01
1.149019386786876673e+01
8.287698721197857665e+00
6.309244134659443226e+00
1.095950726778063355e+01
8.715638085581078442e+00
6.481185419900046263e+00
1.121297654089437046e+01
1.188263262418364086e+01
5.690621901301798680e+00
8.548823018908517923e+00
6.028278773714517591e+00
1.101529086930701773e+01
1.009496630536690098e+01
1.890456428443079773e+01
9.387426441802132260e+00
6.425645769498119719e+00
9.817691082779877121e+00
8.855298159932448954e+00
1.087541632681372228e+01
1.110995333596514989e+01
9.037442977897256924e+00
6.754392122132847120e+00
1.191397722423452343e+01
9.627786484060566252e+00
