3.390880697223820905e-01
4.430680312268919091e-02
4.063296908337122454e-02
6.966897422341487844e-02
6.994570026506297111e-02
1.560443068501206620e-01
8.123185067791276193e-02
4.290853749769924820e-03
1.332014613333080133e-01
2.557619197691338511e-02
5.203127893186385716e-02
5.555770520980238963e-02
6.891926376598461745e-02
7.212791115562067201e-02
2.190521231400615471e-02
4.947715476097269138e-01
1.880976451756544501e-02
4.163050116610827328e-02
1.059591785106119149e-01
1.351815994974744396e-02
1.449882308269574704e-02
1.461474089220279604e-01
8.150504257380652984e-02
1.075670503794557420e-01
7.116635202282220116e-03
9.043978815166666199e-03
3.315957244507729967e-02
2.580737722538778978e-01
1.829238564852734769e-02
5.912641535178286833e-01
8.832358012701128913e-02
1.741108703462476356e-02
7.286065799679475839e-03
2.132991179720896205e-02
2.177005135780945011e-01
7.224933890605908515e-02
2.121417512157662277e-01
2.820824351391159057e-01
2.519157590545636344e-02
2.662920735763343524e-02
7.214587881102224598e-02
2.954090461673419821e-02
1.157051840833244957e-02
1.103652226684573995e-01
7.021273263165912770e-02
1.126923450414828720e-01
1.808897604837474138e-02
6.155664440409156987e-03
4.941480641353507980e-02
1.178165143158970585e+00
6.315485688295914557e-02
1.246572321358258850e-01
2.941337331749568212e-02
1.271290530411694764e-01
6.929724578008025770e-02
8.147315215649713824e-03
7.514240766912409775e-02
5.636957181982421572e-02
1.048638685576284840e-01
5.923362188589202659e-02
2.982848828876483865e-02
2.178250505530315503e-02
4.415621959213461047e-03
1.291140604328540054e+00
7.633707571141826742e-01
6.217742799275814969e-01
5.886438881497780828e-01
7.505015209712531110e-01
7.149492482955578376e-01
1.485409028103391371e+00
2.239526099623697419e+00
1.198940517507385062e+00
1.161200621052002946e+00
9.034782150078799479e-01
1.239145450223890776e+00
5.790175427261657903e-01
8.914329447720031885e-01
7.342716837173218769e-01
9.672811415087331222e-01
3.962191396004930422e-01
9.075890171488673053e-01
2.288541426576549576e+00
1.213876107781587832e+00
1.005547226441635855e+00
6.083669780425775553e-01
5.467461960480560768e-01
6.792969430253448238e-01
1.079858215692067303e+00
1.616729038159604226e+00
9.672657422294150820e-01
6.310504371354420661e-01
9.265254465988825849e-01
7.300866732916041490e-01
9.957318564353930812e-01
7.982190065961805026e-01
1.402377729791706606e+00
1.160118011737508281e+00
6.172715838947120393e-01
1.104942705846658324e+00
1.347210983652403105e+00
1.715159150702255886e+00
9.319934609698687922e-01
8.382476607049675899e-01
1.327895264227881622e+00
4.342562870770690919e-01
8.458301713468927563e-01
8.953481217143918203e-01
1.181723774268280680e+00
7.048600601219409123e-01
5.374492845290531617e-01
1.307848076850523178e+00
4.930741835035566956e-01
1.101696675659922908e+00
5.600677169705993164e-01
4.377362989317369890e-01
1.248681200172708117e+00
1.556256210389355132e+00
7.114845873602957393e-01
1.252009444984595099e+00
9.145269271724975058e-01
8.081051036336298621e-01
8.116637928483798614e-01
6.603693243324288975e-01
1.083429806518345861e+00
1.615450005711020154e+00
3.121419062344931716e-01
