5.824954649169314380e-02
7.611153027313438679e-03
6.980051004611130192e-03
1.196794141527270788e-02
1.201547822906164423e-02
2.680575024085008612e-02
1.395424636007779051e-02
7.370954843410149971e-04
2.288173901561435866e-02
4.393553523895471838e-03
8.938086213546912392e-03
9.543866097205115293e-03
1.183915394663322997e-02
1.239034483769311211e-02
3.762941834372912891e-03
8.499331247146330037e-02
3.231196702558030397e-03
7.151410001339973677e-03
1.820197950322668956e-02
2.322189297664289161e-03
2.490650496556156505e-03
2.510563198998399040e-02
1.400117606790869836e-02
1.847818446453241767e-02
1.222516538016659533e-03
1.553601295661171918e-03
5.696248937232081984e-03
4.433267206214724920e-02
3.142319837882348327e-03
1.015690962746219617e-01
1.517248451451943571e-02
2.990927768483939674e-03
1.251621824641125421e-03
3.664115018592253945e-03
3.739723487563225562e-02
1.241120405400330216e-02
3.644233431860053468e-02
4.845695082572048368e-02
4.327483043285138518e-03
4.574443604829133043e-03
1.239343137441355040e-02
5.074623528595204394e-03
1.987617702123671386e-03
1.895886273485143658e-02
1.206134983482342812e-02
1.935862266438946599e-02
3.107377538170516540e-03
1.057438152579178630e-03
8.488620864543602179e-03
2.023886754185055536e-01
1.084892716866155821e-02
2.141398617995165718e-02
5.052715826710493623e-03
2.183860284919287437e-02
1.190408480934719571e-02
1.399569783817556897e-03
1.290818391990006080e-02
9.683330932651073100e-03
1.801382393620435882e-02
1.017532588138088390e-02
5.124025498083295029e-03
3.741862820367670810e-03
7.585285345294712081e-04
2.217959326045372270e-01
1.311340751189705445e-01
1.068102155750661336e-01
1.011189793787317798e-01
1.289233598625066923e-01
1.228160858383755827e-01
2.551679341373714882e-01
3.847123839131050271e-01
2.059575303622405706e-01
1.994744598874542696e-01
1.552021465468258199e-01
2.128640520201180442e-01
9.946533743327234944e-02
1.531329745786579322e-01
1.261353506575544625e-01
1.661624010216007363e-01
6.806368980174759553e-02
1.559083122359508911e-01
3.931323810202967395e-01
2.085232100122805798e-01
1.727358617015329612e-01
1.045070698019986838e-01
9.392167053217753692e-02
1.166916279207803886e-01
1.855012221187561650e-01
2.777264719158360484e-01
1.661597556880821946e-01
1.084037011582832249e-01
1.591612678133570991e-01
1.254164372508968783e-01
1.710497485570041665e-01
1.371204099670755572e-01
2.409045733673158274e-01
1.992884860734872032e-01
1.060367291999207984e-01
1.898103096566236825e-01
2.314278673697627298e-01
2.946350863104088558e-01
1.601005794133811833e-01
1.439966499669630973e-01
2.281097562443541449e-01
7.459782293171055012e-02
1.452991959589886584e-01
1.538055351954781824e-01
2.029999875428697420e-01
1.210829354032579575e-01
9.232461971231623044e-02
2.246659914014294823e-01
8.470173427027019586e-02
1.892526970386672613e-01
9.621008059907563970e-02
7.519562960915007754e-02
2.145021312083111031e-01
2.673382716008818050e-01
1.222209161870465438e-01
2.150738668965188338e-01
1.571001268368228676e-01
1.388186728091618805e-01
1.394299949150495377e-01
1.134401858811571601e-01
1.861147605014392969e-01
2.775067559578573984e-01
5.362065523006423473e-02
